1 13266150
5 26047279
10 42065031
15 58608553
20 75104633
25 91393813
30 107899589
35 124697055
40 140234825
45 156909454
50 173659127
55 195180093
60 223731087
65 252417932
70 282088108
75 315933802
80 341813339
85 373045559
90 401911066
95 432983248
100 463208071
105 490736145
110 521371655
115 553931771
120 583393798
125 611734306
130 644891832
135 672555150
140 703307735
145 731723650
150 761708545
155 790274794
160 819777727
165 851917922
170 881384462
175 911561774
180 942700099
185 973232134
190 1003619973
195 1035266387
200 1062184925
205 1093578267
210 1119624393
215 1151064767
220 1184145554
225 1210798119
230 1241931849
235 1271568490
240 1301508098
245 1332607174
250 1363209867
255 1393828983
260 1422001082
265 1452000013
270 1484274485
275 1511223303
280 1543852788
285 1573485146
290 1604721104
295 1633675916
300 1668008926
