1 3003639
5 15019248
10 30048647
15 45072127
20 60097434
25 75091768
30 90126578
35 105177195
40 120192615
45 135202990
50 150174921
55 165207799
60 180211198
65 195290401
70 210274844
75 225511356
80 240670927
85 255996957
90 271725977
95 291017033
100 309317521
105 334433008
110 364661396
115 394143612
120 425209109
125 454095676
130 483365986
135 513386722
140 543791423
145 578154167
150 603620121
155 633460780
160 664384157
165 693462972
170 723729139
175 753278457
180 783397676
185 814929835
190 848641646
195 878638995
200 903848988
205 933581571
210 963681371
215 993543221
220 1023726431
225 1053876267
230 1083854526
235 1113900408
240 1143807697
245 1173728861
250 1203733345
255 1233694331
260 1263793165
265 1293751600
270 1324025243
275 1353730141
280 1384150522
285 1415215574
290 1444073589
295 1474057764
300 1503918759
